seed 49165
step 5000000
ops 12
3 20
8 25
5 22
0 17
2 19
4 21
9 26
6 23
13 30
1 18
7 24
14 31
score 5 3 3 44 148 1000000 1000000
P
00020001
00040002
00080004
00100008
00200010
00400020
00800040
01000080
02000100
04000200
00000400
00000800
00001000
40002000
80004000
00008000
00010000
00020000
00040000
00080000
00100000
00200000
00400000
00800000
01000000
02000000
04000000
08000000
10000000
20000000
40000000
80000000
B
40420000
80840000
01080000
02100000
04200000
08400000
10800000
21000000
42000000
84000000
10808400
21010800
02003001
40004002
80008004
10018008
20030010
00042021
00084042
00108084
00210108
00420210
08840420
11080840
22101080
04202100
08404200
08800400
11000800
22001000
04002000
08004000
C
00020001
00040002
00080004
00100008
00200010
00400020
00800040
01000080
02000100
04000200
00000400
00000800
00001000
40002000
80004000
00008000
00010000
00020000
00040000
00080000
00100000
00200000
00400000
00800000
01000000
02000000
04000000
08000000
10000000
20000000
40000000
80000000
