seed 24591
step 10000000
ops 6
permutation 6 28 5 16 14 12 13 18 9 10 21 24 15 26 27 20 4 3 29 0 2 19 8 25 23 30 11 1 17 31 22 7
19 28
29 4
13 10
6 25
28 16
20 21
score 6 8 26 38 174 1000000 1000000
P
00000040
10000000
00000020
00010000
00004000
00001000
40002000
00040000
00000200
00000400
00200000
01000000
00008000
04200000
08000000
00100000
00000010
00000008
20000000
00020001
00080004
00080000
00000100
02000000
00800000
40000000
00000800
00000002
00020010
80004000
00400000
00000080
B
04200801
04000802
01000284
10040408
00105010
00880060
2a000080
29200081
40004110
01001202
50002100
80848820
0002900a
30004400
01004200
00c28408
50000100
00420408
00840020
52010000
00200800
80109800
02402040
00c02040
05200803
00002440
04040808
08200011
100801c4
20101010
41004284
80808020
C
10090000
08000000
00300000
00020000
00010000
00000004
00000001
80000000
00400000
00000100
00000200
04000000
00000020
02000040
00000010
00001000
00000008
10010000
00000080
00200000
00008000
00000400
40000000
01000000
00000800
00800000
00002400
00004000
00000002
00040000
02000000
20000010
