seed 32781
step 5000000
ops 8
7 24
31 14
8 25
6 23
13 30
4 21
5 22
0 17
score 5 14 14 40 166 1000000 1000000
P
00020001
00000002
00000004
00000008
00200010
00400020
00800040
01000080
02000100
00000200
00000400
00000800
00001000
40002000
00004000
00008000
00010000
00020000
00040000
00080000
00100000
00200000
00400000
00800000
01000000
02000000
04000000
08000000
10000000
20000000
40000000
80004000
B
40420000
00884042
01108084
02210108
04200000
08400000
10800000
21000000
42000000
08404200
10808400
21010800
02003001
c0040002
0808c004
10118008
20030010
00042021
800c0042
00188084
00310108
04420210
08840420
11080840
22101080
04202100
8c400200
08800400
11000800
22001000
04002000
8008c004
C
00020001
00000002
00000004
00000008
00200010
00400020
00800040
01000080
02000100
00000200
00000400
00000800
00001000
40002000
00004000
00008000
00010000
00020000
00040000
00080000
00100000
00200000
00400000
00800000
01000000
02000000
04000000
08000000
10000000
20000000
40000000
80004000
