seed 4621
step 10000000
ops 18
9 4
14 31
4 21
8 25
15 12
0 17
2 19
26 21
11 28
15 12
1 18
3 20
22 5
13 30
6 23
9 26
7 24
12 29
score 4 0 0 46 147 64 82
P
00020001
00040002
00080004
00100008
00200010
00000020
00800040
01000080
02000100
04200210
00000400
10000800
20001000
40002000
80004000
00008000
00010000
00020000
00040000
00080000
00100000
00200000
00400020
00800000
01000000
02000000
04200000
08000000
10000000
20000000
40000000
80000000
B
40420020
80840000
01080000
02100000
04000000
00840420
10800000
21000000
42000000
80200000
10808400
30010000
20002001
40004002
80008004
10018008
20030010
00442001
00084042
00108084
00210108
00420220
08400020
01080840
02101080
04002100
08024010
08800400
01000800
02001000
04202000
08004000
C
00020001
00040002
00080004
00100008
00200010
00000020
00800040
01000080
02000100
04200210
00000400
10000800
20001000
40002000
80004000
00008000
00010000
00020000
00040000
00080000
00100000
00200000
00400020
00800000
01000000
02000000
04200000
08000000
10000000
20000000
40000000
80000000
