seed 16399
step 10000000
ops 4
permutation 13 19 8 3 27 4 5 10 23 25 29 20 0 9 2 1 17 16 6 21 11 31 30 26 28 7 18 15 14 12 22 24
28 21
4 30
15 26
26 6
score 6 11 38 36 177 1000000 1000000
P
00002000
00080000
00000100
00000008
08400000
00000010
00000020
00000400
00800000
02000000
20000000
00100000
00000001
00000200
00000004
00040002
00020000
00010000
00000040
00200000
00000800
80000000
40000000
04000000
10000000
00000080
00040020
00008000
80004000
00001000
00400000
01000000
B
10808001
8a004802
00880005
000a000c
44000000
40012020
04000180
09000180
81140102
00c80205
20000600
000a0a0c
04001001
10202010
0a004800
04200140
44411001
000b0420
80140002
40892020
80120400
50000010
00c00001
10802010
81100000
22000a00
14048082
09020808
08204002
20411201
04000190
a2000e00
C
00001000
04008040
00004000
00000008
00000020
00000040
00040000
02000000
00000004
00002000
00000080
00100000
20000000
00000001
10200000
08000000
00020000
00010000
04000040
00000002
00000800
00080000
40000000
00000100
80000000
00000200
00800000
40000010
01000000
00000400
00400000
00200000
