seed 32783
step 10000000
ops 8
permutation 17 1 19 6 28 20 12 15 4 0 5 14 9 25 3 31 10 22 11 13 26 7 16 24 21 8 2 30 27 29 23 18
11 15
20 24
30 31
1 11
21 23
19 27
14 5
9 0
score 5 12 12 40 168 1000000 1000000
P
00020000
80004002
00080000
00000040
10000000
00100000
00001000
00008000
00000010
00020001
00000020
80004000
00000200
02000000
00100008
80000000
00000400
00400000
00000800
40002000
04200000
01000080
00010000
01000000
00200000
00000100
00000004
40000000
08000000
20000000
00840000
00040000
B
800a0600
0400008a
042000a4
0084000c
00840010
03406000
00082240
00404090
00021101
08020001
40010400
04008084
10029800
02182000
00002020
10000800
c0010090
50030400
20c40000
88000002
11000901
20800000
21400101
20202060
00121101
0a180000
04a000a0
01180000
d0010000
20002040
80840012
4000000e
C
00000201
00000802
04000000
00004020
00000100
00000400
00000008
00a00000
02000000
00001000
00010000
00040000
00000040
08080000
00008800
00000080
00400000
00000001
80000000
00000004
00000020
01000000
00020000
c0000000
00800000
00002000
01100000
10000000
00000010
20000000
08000000
00008000
