seed 40973
step 5000000
ops 10
6 23
5 22
20 7
1 18
4 21
14 31
20 15
9 26
0 17
25 12
score 5 7 7 41 157 1000000 1000000
P
00020001
00040002
00000004
00000008
00200010
00400020
00800040
00000080
00000100
04000200
00000400
00000800
00001000
00002000
80004000
00008000
00010000
00020000
00040000
00080000
00108080
00200000
00400000
00800000
01000000
02001000
04000000
08000000
10000000
20000000
40000000
80000000
B
40420000
80840000
00100004
00210108
04200000
08400000
10800000
02108000
04202100
84000000
10808400
21010800
42002001
04006002
80088004
10110088
20030010
40042021
00084042
01180004
10301100
00420210
08840420
11080840
23108000
04201101
08404200
08800400
11000800
22000000
44002000
08004000
C
00020001
00040002
00000004
00000008
00200010
00400020
00800040
00000080
00000100
04000200
00000400
00000800
00001000
00002000
80004000
00008000
00010000
00020000
00040000
00080000
00108080
00200000
00400000
00800000
01000000
02001000
04000000
08000000
10000000
20000000
40000000
80000000
