seed 57357
step 10000000
ops 14
8 25
0 17
27 22
13 30
5 18
24 11
3 20
19 6
14 1
4 21
14 31
9 26
19 14
24 19
score 4 0 0 43 153 66 80
P
00020001
00000002
00000004
00100008
00200010
00040020
00000040
00000080
02000100
04000200
00000400
00000800
00001000
40002000
80004002
00008000
00010000
00020000
00040000
80084042
00100000
00200000
00400000
00800000
81084842
02000000
04000000
08400000
10000000
20000000
40000000
80000000
B
40420000
80080000
00108084
02100000
04200000
000c0420
01004000
02101080
42000000
84000000
10808400
21090000
02003001
40044000
0000c044
10018008
20030010
00402021
008c0000
00104880
00210108
00420210
08800420
11804000
02015000
04202100
08004202
00400020
11080000
22001000
04002000
08404002
C
00020001
00000002
00000004
00100008
00200010
00040020
00000040
00000080
02000100
04000200
00000400
00000800
00001000
40002000
80004002
00008000
00010000
00020000
00040000
00084040
00100000
00200000
00400000
00800000
01080800
02000000
04000000
08400000
10000000
20000000
40000000
80000000
