seed 4109
step 10000000
ops 16
13 30
12 29
5 22
7 24
17 0
3 20
0 17
8 25
1 18
10 27
9 26
6 23
14 31
11 28
4 21
2 19
score 4 0 0 47 142 61 77
P
00020000
00040002
00080004
00100008
00200010
00400020
00800040
01000080
02000100
04000200
08000400
10000800
20001000
40002000
80004000
00008000
00010000
00020001
00040000
00080000
00100000
00200000
00400000
00800000
01000000
02000000
04000000
08000000
10000000
20000000
40000000
80000000
B
00062020
80840000
01080000
02100000
04200000
08400000
10800000
21000000
42000000
84000000
18008000
30010000
20022000
40004002
80008004
10018008
20010011
40400001
00084042
00108084
00210108
00400211
00840420
01080840
02101080
04202100
08404200
00800400
01000800
02001000
04002000
08004000
C
00020001
00040002
00080004
00100008
00200010
00400020
00800040
01000080
02000100
04000200
08000400
10000800
20001000
40002000
80004000
00008000
00010000
00000001
00040000
00080000
00100000
00200000
00400000
00800000
01000000
02000000
04000000
08000000
10000000
20000000
40000000
80000000
