seed 24589
step 5000000
ops 6
2 19
13 30
0 17
26 21
31 14
17 4
score 6 8 26 38 174 1000000 1000000
P
00020001
00000002
00080004
00000008
00000010
00000020
00000040
00000080
00000100
00000200
00000400
00000800
00001000
40002000
00004000
00008000
00010000
00020010
00040000
00080000
00100000
00200000
00400000
00800000
01000000
02000000
04200000
08000000
10000000
20000000
40000000
80004000
B
40420010
00084042
01080000
00210108
00420200
00840420
01080840
02101080
44002100
08404200
10808400
21010800
02003001
c0040002
0800c004
10118008
20230000
00062221
808c0042
01108084
02310108
04420200
08c40420
11880840
23101080
06002100
88220000
08800400
11000800
22001000
04202000
8000c004
C
00020011
00000002
00080004
00000008
00000010
00000020
00000040
00000080
00000100
00000200
00000400
00000800
00001000
40002000
00004000
00008000
00010000
00020010
00040000
00080000
00100000
00200000
00400000
00800000
01000000
02000000
04200000
08000000
10000000
20000000
40000000
80004000
